-10.3105 83.0000 -9.4707 0.0000 1.0000 0.0000 9
0.0000 83.0000 0.0000 0.0000 1.0000 0.0000 9
10.3105 83.0000 9.4707 0.0000 1.0000 0.0000 9
20.6210 83.0000 18.9414 0.0000 1.0000 0.0000 9
30.9314 83.0000 28.4121 0.0000 1.0000 0.0000 9
41.2419 83.0000 37.8828 0.0000 1.0000 0.0000 9
51.5524 83.0000 47.3535 0.0000 1.0000 0.0000 9
61.8629 83.0000 56.8242 0.0000 1.0000 0.0000 9
72.1734 83.0000 66.2948 0.0000 1.0000 0.0000 9
82.4838 83.0000 75.7655 0.0000 1.0000 0.0000 9
87.5826 83.0032 80.4490 -0.0015 1.0000 -0.0013 1
92.6815 83.0553 85.1326 -0.0113 0.9999 -0.0104 1
97.7803 83.2441 89.8161 -0.0302 0.9992 -0.0277 1
102.8791 83.6457 94.4996 -0.0563 0.9971 -0.0517 1
107.9779 84.3272 99.1831 -0.0888 0.9927 -0.0816 1
113.0767 85.3415 103.8666 -0.1248 0.9855 -0.1147 1
118.1755 86.7096 108.5501 -0.1603 0.9760 -0.1472 1
123.2743 88.4234 113.2336 -0.1932 0.9650 -0.1775 1
128.3731 90.4737 117.9171 -0.2249 0.9522 -0.2066 1
133.4719 92.8746 122.6006 -0.2579 0.9367 -0.2369 1
138.5707 95.6657 127.2841 -0.2930 0.9174 -0.2691 1
143.6695 98.8938 131.9677 -0.3292 0.8945 -0.3024 1
148.7683 102.5930 136.6512 -0.3644 0.8690 -0.3347 1
153.8671 106.7819 141.3347 -0.3975 0.8418 -0.3651 1
158.9659 111.4821 146.0182 -0.4294 0.8124 -0.3945 1
164.0647 116.7472 150.7017 -0.4621 0.7786 -0.4245 1
169.1635 122.6875 155.3852 -0.4969 0.7380 -0.4565 1
174.2623 129.4720 160.0687 -0.5334 0.6894 -0.4900 1
179.3611 137.3043 164.7522 -0.5689 0.6350 -0.5226 1
184.4599 146.3741 169.4357 -0.6002 0.5795 -0.5513 1
189.5587 156.7995 174.1192 -0.6251 0.5288 -0.5742 1
194.6575 168.5751 178.8027 -0.6432 0.4872 -0.5908 1
199.7563 181.5419 183.4862 -0.6550 0.4571 -0.6017 1
204.8551 195.3876 188.1697 -0.6615 0.4395 -0.6076 1
209.9539 209.6792 192.8532 -0.6633 0.4345 -0.6093 1
215.0527 223.9209 197.5367 -0.6606 0.4420 -0.6068 1
220.1515 237.6234 202.2202 -0.6531 0.4621 -0.5999 1
225.2503 250.3715 206.9037 -0.6400 0.4947 -0.5879 1
230.3491 261.8723 211.5872 -0.6203 0.5391 -0.5697 1
235.4479 271.9787 216.2707 -0.5929 0.5932 -0.5446 1
240.5467 280.6825 220.9542 -0.5577 0.6530 -0.5123 1
245.6455 288.0843 225.6377 -0.5162 0.7133 -0.4741 1
250.7443 294.3486 230.3212 -0.4709 0.7689 -0.4325 1
255.8431 299.6585 235.0047 -0.4249 0.8168 -0.3903 1
260.9419 304.1778 239.6882 -0.3799 0.8567 -0.3490 1
266.0407 308.0307 244.3717 -0.3360 0.8899 -0.3086 1
271.1396 311.2965 249.0552 -0.2919 0.9181 -0.2681 1
276.2384 314.0186 253.7387 -0.2464 0.9423 -0.2264 1
281.3372 316.2187 258.4222 -0.1991 0.9628 -0.1828 1
286.4360 317.9102 263.1057 -0.1501 0.9790 -0.1379 1
291.5348 319.1065 267.7892 -0.1005 0.9906 -0.0923 1
296.6336 319.8220 272.4727 -0.0509 0.9976 -0.0468 1
301.7325 320.0688 277.1562 -0.0016 1.0000 -0.0014 1
306.8313 319.8516 281.8397 0.0477 0.9979 0.0439 2
311.9301 319.1663 286.5232 0.0973 0.9912 0.0894 2
317.0289 318.0018 291.2067 0.1469 0.9799 0.1349 2
322.1277 316.3439 295.8902 0.1958 0.9640 0.1798 2
327.2265 314.1793 300.5737 0.2432 0.9439 0.2234 2
332.3253 311.4952 305.2572 0.2886 0.9200 0.2651 2
337.4242 308.2728 309.9407 0.3324 0.8924 0.3053 2
342.5230 304.4753 314.6242 0.3756 0.8602 0.3450 2
347.6218 300.0338 319.3077 0.4194 0.8220 0.3853 2
352.7206 294.8377 323.9912 0.4642 0.7764 0.4264 2
357.8194 288.7356 328.6747 0.5087 0.7231 0.4673 2
362.9182 281.5504 333.3582 0.5504 0.6645 0.5055 2
368.0171 273.1108 338.0417 0.5865 0.6049 0.5387 2
373.1159 263.2923 342.7253 0.6153 0.5494 0.5652 2
378.2147 252.0611 347.4088 0.6368 0.5023 0.5850 2
383.3135 239.5083 352.0923 0.6516 0.4659 0.5986 2
388.4123 225.8658 356.7758 0.6609 0.4413 0.6070 2
393.5111 211.4948 361.4593 0.6653 0.4287 0.6111 2
398.6100 196.8504 366.1428 0.6656 0.4281 0.6114 2
403.7088 182.4239 370.8263 0.6616 0.4393 0.6077 2
408.8076 168.6769 375.5098 0.6530 0.4625 0.5998 2
413.9064 155.9802 380.1933 0.6390 0.4972 0.5869 2
419.0052 144.5695 384.8768 0.6188 0.5423 0.5684 2
424.1040 134.5299 389.5603 0.5921 0.5946 0.5439 2
429.2029 125.8084 394.2438 0.5600 0.6494 0.5144 2
434.3017 118.2530 398.9273 0.5250 0.7013 0.4822 2
439.4005 111.6660 403.6108 0.4900 0.7466 0.4501 2
444.4993 105.8560 408.2943 0.4568 0.7844 0.4196 2
449.5981 100.6762 412.9778 0.4254 0.8163 0.3907 2
454.6969 96.0389 417.6613 0.3939 0.8450 0.3618 2
459.7957 91.9043 422.3448 0.3607 0.8718 0.3313 2
464.8946 88.2551 427.0284 0.3256 0.8970 0.2991 2
469.9934 85.0701 431.7119 0.2899 0.9193 0.2662 2
475.0922 82.3117 436.3954 0.2555 0.9379 0.2347 2
480.1910 79.9337 441.0789 0.2232 0.9530 0.2050 2
485.2898 77.9013 445.7625 0.1915 0.9656 0.1759 2
490.3886 76.2056 450.4460 0.1583 0.9766 0.1454 2
495.4875 74.8577 455.1295 0.1227 0.9860 0.1127 2
500.5863 73.8630 459.8131 0.0870 0.9930 0.0799 2
505.6851 73.1970 464.4966 0.0550 0.9972 0.0505 2
510.7838 72.8054 469.1801 0.0293 0.9992 0.0270 2
515.8827 72.6221 473.8636 0.0109 0.9999 0.0100 2
520.9815 72.5720 478.5471 0.0014 1.0000 0.0013 2
526.0803 72.5690 483.2307 0.0000 1.0000 0.0000 2
536.7441 72.5690 492.3016 0.2032 0.9434 -0.2620 4
548.1819 72.5690 500.3748 0.3236 0.7801 -0.5355 4
560.6495 72.5690 506.7434 0.3109 0.5285 -0.7900 4
574.1129 72.5690 510.5825 0.1591 0.2170 -0.9631 4
588.0955 72.5690 511.2784 -0.0640 0.1006 -0.9929 4
601.8735 72.5690 508.7952 -0.2867 0.1006 -0.9527 4
614.7334 72.5690 503.2613 -0.4946 0.1006 -0.8633 4
626.0093 72.5690 494.9634 -0.6770 0.1006 -0.7291 4
635.1172 72.5690 484.3311 -0.8243 0.1006 -0.5571 4
641.5857 72.5690 471.9150 -0.9289 0.1006 -0.3563 4
645.0797 72.5690 458.3580 -0.9668 0.2170 -0.1351 4
645.4390 72.5690 444.3626 -0.8473 0.5285 0.0522 4
643.3641 72.5690 430.5173 -0.6119 0.7801 0.1304 4
639.6154 72.5690 417.0285 -0.3162 0.9434 0.1000 4
634.9301 72.5690 403.8358 0.0000 1.0000 -0.0000 4
630.6843 72.5690 390.4951 0.3474 0.9331 -0.0927 4
627.7214 72.5690 376.8123 0.6650 0.7414 -0.0903 4
626.9286 72.5690 362.8347 0.8915 0.4505 0.0469 4
629.1821 72.5690 349.0173 0.9515 0.1006 0.2908 4
635.0405 72.5690 336.3019 0.8395 0.1006 0.5340 4
644.0789 72.5690 325.6105 0.6664 0.1006 0.7388 4
655.6422 72.5690 317.7181 0.4453 0.1006 0.8897 4
668.8920 72.5690 313.1968 0.1918 0.1006 0.9763 4
682.8679 72.5690 312.3745 -0.0758 0.1006 0.9920 4
696.5565 72.5690 315.3108 -0.3377 0.1006 0.9359 4
708.9655 72.5690 321.7928 -0.5752 0.1006 0.8118 4
719.1953 72.5690 331.3506 -0.7709 0.1006 0.6290 4
726.5043 72.5690 343.2912 -0.9071 0.1062 0.4072 4
730.5667 72.5690 356.6889 -0.8753 0.4505 0.1757 4
731.9821 72.5690 370.6172 -0.6707 0.7414 0.0238 4
731.5602 72.5690 384.6108 -0.3588 0.9331 -0.0234 4
730.1651 72.5690 398.5411 -0.0000 1.0000 -0.0000 4
729.4684 72.5738 405.4978 0.0003 1.0000 -0.0026 3
728.7717 72.6337 412.4544 0.0017 0.9999 -0.0169 3
728.0750 72.8465 419.4110 0.0046 0.9989 -0.0462 3
727.3782 73.3164 426.3677 0.0089 0.9960 -0.0893 3
726.6815 74.1324 433.3243 0.0143 0.9897 -0.1428 3
725.9848 75.3629 440.2809 0.0203 0.9790 -0.2028 3
725.2881 77.0558 447.2376 0.0266 0.9637 -0.2655 3
724.5914 79.2426 454.1942 0.0328 0.9441 -0.3280 3
723.8947 81.9417 461.1508 0.0388 0.9209 -0.3878 3
723.1979 85.1611 468.1075 0.0444 0.8952 -0.4434 3
722.5012 88.8992 475.0641 0.0494 0.8683 -0.4936 3
721.8045 93.1430 482.0208 0.0538 0.8415 -0.5376 3
721.1078 97.8648 488.9774 0.0576 0.8163 -0.5747 3
720.4111 103.0163 495.9340 0.0605 0.7945 -0.6042 3
719.7144 108.5222 502.8907 0.0626 0.7778 -0.6254 3
719.0176 114.2749 509.8473 0.0638 0.7680 -0.6373 3
718.3209 120.1304 516.8040 0.0639 0.7669 -0.6385 3
717.6242 125.9100 523.7606 0.0628 0.7764 -0.6271 3
716.9275 131.4087 530.7173 0.0601 0.7977 -0.6001 3
716.2308 136.4099 537.6740 0.0554 0.8309 -0.5536 3
715.5341 140.7078 544.6306 0.0484 0.8741 -0.4833 3
714.8373 144.1302 551.5873 0.0386 0.9218 -0.3857 3
714.1406 146.5577 558.5439 0.0262 0.9648 -0.2616 3
713.4439 147.9277 565.5006 0.0118 0.9930 -0.1176 3
712.7472 148.2207 572.4573 -0.0035 0.9994 0.0351 3
712.0505 147.4348 579.4139 -0.0185 0.9825 0.1852 3
711.3538 145.5783 586.3706 -0.0321 0.9465 0.3210 3
710.6570 142.6918 593.3273 -0.0433 0.9006 0.4325 3
709.9603 138.8718 600.2839 -0.0517 0.8551 0.5159 3
709.2636 134.2730 607.2406 -0.0574 0.8175 0.5730 3
708.5669 129.0916 614.1973 -0.0609 0.7913 0.6084 3
707.8702 123.5399 621.1539 -0.0627 0.7768 0.6266 3
707.1735 117.8218 628.1106 -0.0632 0.7729 0.6313 3
706.4767 112.1145 635.0673 -0.0626 0.7777 0.6255 3
705.7800 106.5591 642.0239 -0.0612 0.7891 0.6112 3
705.0833 101.2595 648.9806 -0.0591 0.8054 0.5898 3
704.3866 96.2859 655.9373 -0.0564 0.8247 0.5627 3
703.6899 91.6826 662.8939 -0.0532 0.8459 0.5307 3
702.9933 87.4750 669.8505 -0.0495 0.8677 0.4945 3
702.2966 83.6767 676.8071 -0.0455 0.8895 0.4546 3
701.6000 80.2952 683.7637 -0.0412 0.9107 0.4111 3
700.9033 77.3348 690.7203 -0.0365 0.9307 0.3640 3
700.2067 74.7999 697.6769 -0.0314 0.9491 0.3134 3
699.5100 72.6962 704.6335 -0.0259 0.9655 0.2591 3
698.8134 71.0318 711.5901 -0.0201 0.9794 0.2009 3
698.1167 69.8178 718.5467 -0.0139 0.9902 0.1387 3
697.4200 69.0678 725.5033 -0.0073 0.9973 0.0729 3
696.7234 68.7950 732.4599 -0.0004 1.0000 0.0044 3
696.0267 69.0064 739.4166 0.0064 0.9979 -0.0643 3
695.3300 69.6962 746.3732 0.0131 0.9914 -0.1305 3
694.6334 70.8509 753.3298 0.0193 0.9810 -0.1930 3
693.9366 72.4566 760.2864 0.0252 0.9675 -0.2516 3
693.2399 74.5018 767.2431 0.0307 0.9514 -0.3063 3
692.5433 76.9781 774.1997 0.0358 0.9333 -0.3573 3
691.8466 79.8797 781.1563 0.0405 0.9135 -0.4047 3
691.1499 83.2022 788.1130 0.0449 0.8926 -0.4486 3
690.4532 86.9407 795.0696 0.0490 0.8710 -0.4889 3
689.7565 91.0873 802.0262 0.0526 0.8493 -0.5253 3
689.0599 95.6266 808.9828 0.0558 0.8284 -0.5573 3
688.3632 100.5294 815.9395 0.0585 0.8095 -0.5841 3
687.6664 105.7457 822.8962 0.0606 0.7942 -0.6046 3
686.9698 111.1956 829.8528 0.0618 0.7842 -0.6174 3
686.2731 116.7628 836.8094 0.0621 0.7817 -0.6205 3
685.5764 122.2912 843.7661 0.0612 0.7888 -0.6116 3
684.8797 127.5886 850.7227 0.0588 0.8073 -0.5872 3
684.1830 132.4398 857.6793 0.0544 0.8379 -0.5432 3
683.4864 136.6296 864.6359 0.0475 0.8790 -0.4745 3
682.7897 139.9708 871.5926 0.0378 0.9252 -0.3775 3
682.0930 142.3286 878.5493 0.0253 0.9672 -0.2529 3
681.3963 143.6315 885.5059 0.0108 0.9941 -0.1083 3
680.6996 143.8576 892.4625 -0.0045 0.9990 0.0446 3
680.0029 143.0049 899.4191 -0.0194 0.9808 0.1942 3
679.3062 141.0808 906.3758 -0.0330 0.9437 0.3292 3
678.6095 138.1220 913.3325 -0.0441 0.8966 0.4405 3
677.9128 134.2147 920.2891 -0.0525 0.8497 0.5247 3
677.2161 129.5005 927.2458 -0.0584 0.8102 0.5833 3
676.5193 124.1645 934.2025 -0.0621 0.7817 0.6206 3
675.8226 118.4155 941.1591 -0.0642 0.7651 0.6407 3
675.1259 112.4636 948.1158 -0.0648 0.7596 0.6472 3
674.4292 106.5019 955.0724 -0.0643 0.7637 0.6423 3
673.7325 100.6945 962.0291 -0.0629 0.7759 0.6277 3
673.0358 95.1708 968.9858 -0.0605 0.7943 0.6045 3
672.3391 90.0264 975.9424 -0.0574 0.8172 0.5735 3
671.6423 85.3270 982.8991 -0.0536 0.8430 0.5352 3
670.9457 81.1142 989.8557 -0.0491 0.8701 0.4904 3
670.2490 77.4112 996.8124 -0.0440 0.8971 0.4397 3
669.5522 74.2281 1003.7690 -0.0384 0.9226 0.3838 3
668.8556 71.5646 1010.7256 -0.0324 0.9456 0.3238 3
668.1589 69.4112 1017.6823 -0.0262 0.9649 0.2615 3
667.4622 67.7480 1024.6389 -0.0199 0.9798 0.1991 3
666.7655 66.5424 1031.5956 -0.0140 0.9901 0.1397 3
666.0688 65.7453 1038.5521 -0.0087 0.9962 0.0871 3
665.3722 65.2879 1045.5087 -0.0045 0.9990 0.0449 3
664.6755 65.0815 1052.4653 -0.0016 0.9999 0.0163 3
663.9788 65.0236 1059.4220 -0.0003 1.0000 0.0025 3
663.2821 65.0190 1066.3785 0.0000 1.0000 -0.0000 3
662.3670 65.0243 1080.3486 0.4871 0.8734 -0.0041 4
663.4476 65.0570 1094.3069 0.8368 0.5255 -0.1537 4
667.3409 65.1337 1107.7546 0.8969 0.2499 -0.3650 4
673.9010 65.2604 1120.1226 0.8027 0.2491 -0.5418 4
682.8510 65.4347 1130.8882 0.6752 0.2467 -0.6952 4
693.8127 65.6478 1139.5968 0.5191 0.2428 -0.8195 4
706.3233 65.8860 1145.8805 0.3404 0.2380 -0.9097 4
719.8542 66.1329 1149.4740 0.1477 0.2330 -0.9612 4
733.8340 66.3711 1150.2255 -0.0516 0.2282 -0.9723 4
747.6722 66.5842 1148.1031 -0.2493 0.2246 -0.9420 4
760.7843 66.7586 1143.1967 -0.4333 0.2396 -0.8688 4
772.6265 66.8853 1135.7292 -0.5605 0.3345 -0.7576 4
783.2865 66.9619 1126.6538 -0.4964 0.6641 -0.5591 4
793.6281 66.9947 1117.2170 -0.2208 0.9453 -0.2402 4
803.9696 67.0000 1107.7803 -0.0003 1.0000 0.0003 4
814.3112 67.0000 1098.3435 0.0000 1.0000 0.0000 11
824.6527 67.0000 1088.9067 0.0000 1.0000 0.0000 11
834.9943 67.0000 1079.4700 0.0000 1.0000 0.0000 11
845.3358 67.0000 1070.0332 0.0000 1.0000 0.0000 11
855.6773 67.0000 1060.5964 0.0000 1.0000 0.0000 11
866.0189 66.9454 1051.1597 0.0162 0.9998 -0.0147 8
876.3604 66.3873 1041.7229 0.0550 0.9972 -0.0502 8
886.7020 64.8568 1032.2861 0.1046 0.9899 -0.0955 8
897.0435 62.3829 1022.8494 0.1411 0.9816 -0.1288 8
907.3850 59.4062 1013.4126 0.1522 0.9785 -0.1389 8
917.7266 56.4850 1003.9759 0.1387 0.9822 -0.1266 8
928.0681 54.0530 994.5391 0.1086 0.9891 -0.0991 8
938.4097 52.3233 985.1024 0.0717 0.9953 -0.0654 8
948.7512 51.3231 975.6656 0.0349 0.9989 -0.0318 8
959.0928 51.0000 966.2288 0.0000 1.0000 0.0000 8
969.4343 51.3231 956.7921 -0.0349 0.9989 0.0318 8
979.7758 52.3233 947.3553 -0.0717 0.9953 0.0654 8
990.1174 54.0530 937.9185 -0.1086 0.9891 0.0991 8
1000.4589 56.4850 928.4818 -0.1388 0.9822 0.1266 8
1010.8005 59.4062 919.0450 -0.1523 0.9785 0.1389 8
1021.1420 62.3829 909.6083 -0.1411 0.9816 0.1288 8
1031.4835 64.8568 900.1715 -0.1046 0.9899 0.0954 8
1041.8251 66.3873 890.7347 -0.0550 0.9972 0.0501 8
1052.1666 66.9454 881.2980 -0.0161 0.9998 0.0147 8
1062.5082 67.0000 871.8612 -0.0000 1.0000 0.0000 8
1072.4023 67.0000 861.9563 -0.2712 0.9315 -0.2426 4
1081.1544 67.0000 851.0292 -0.5637 0.7352 -0.3763 4
1087.8973 67.0000 838.7601 -0.8333 0.4382 -0.3370 4
1091.5836 67.0000 825.2541 -0.9868 0.1006 -0.1271 4
1091.4386 67.0000 811.2548 -0.9839 0.1006 0.1475 4
1087.4731 67.0000 797.8281 -0.9062 0.1006 0.4108 4
1079.9893 67.0000 785.9963 -0.7594 0.1006 0.6428 4
1069.5568 67.0000 776.6601 -0.5551 0.1006 0.8257 4
1056.9700 67.0000 770.5305 -0.3082 0.1006 0.9460 4
1043.1871 67.0000 768.0740 -0.0377 0.1006 0.9942 4
1029.2577 67.0000 769.4777 0.2346 0.1022 0.9667 4
1016.2328 67.0000 774.6113 0.4161 0.4382 0.7968 4
1004.5778 67.0000 782.3676 0.4164 0.7352 0.5349 4
994.1981 67.0000 791.7625 0.2554 0.9315 0.2592 4
984.6556 67.0000 802.0065 0.0000 1.0000 0.0000 4
975.1097 67.1575 812.2462 0.0027 0.9986 -0.0536 15
965.5066 68.7661 822.4333 0.0470 0.9714 -0.2326 15
955.7226 73.1776 832.4465 0.0777 0.8879 -0.4534 15
945.5917 80.3082 842.1073 0.0443 0.7798 -0.6244 15
934.9429 88.8881 851.1918 -0.0203 0.6923 -0.7213 15
923.6379 97.3084 859.4425 -0.0749 0.6406 -0.7642 15
911.6025 104.3181 866.5820 -0.1093 0.6143 -0.7814 15
898.8492 109.3039 872.3375 -0.1232 0.5963 -0.7933 15
885.4830 112.1870 876.4697 -0.1127 0.5805 -0.8064 15
871.6906 113.1182 878.8083 -0.0825 0.5736 -0.8150 15
857.7084 112.1870 879.2749 -0.0509 0.5805 -0.8127 15
843.7859 109.3039 877.8984 -0.0378 0.5963 -0.8019 15
830.1396 104.3181 874.8093 -0.0491 0.6144 -0.7875 15
816.9195 97.3084 870.2203 -0.0794 0.6407 -0.7637 15
804.1929 88.8881 864.3969 -0.1243 0.6923 -0.7108 15
791.9426 80.3082 857.6249 -0.1681 0.7799 -0.6029 15
780.0845 73.1776 850.1849 -0.1667 0.8879 -0.4287 15
768.4961 68.7661 842.3302 -0.0925 0.9715 -0.2185 15
757.0500 67.1575 834.2690 -0.0133 0.9986 -0.0520 15
745.6480 67.0000 826.1464 0.0000 1.0000 -0.0000 15
738.2144 67.1783 820.8507 0.0578 0.9975 0.0412 12
730.8675 68.5329 815.6169 0.1838 0.9742 0.1309 12
723.7877 71.2956 810.5734 0.3086 0.9254 0.2199 12
717.1719 75.4426 805.8604 0.4302 0.8491 0.3065 12
711.2317 80.9165 801.6286 0.5448 0.7434 0.3881 12
706.1908 87.6119 798.0375 0.6471 0.6072 0.4610 12
702.2769 95.3587 795.2493 0.7311 0.4407 0.5208 12
699.7064 103.9095 793.4182 0.7894 0.2464 0.5623 12
698.6624 112.9317 792.6744 0.8294 0.0314 0.5578 12
699.2682 122.0125 793.1060 0.9022 -0.1906 0.3869 12
701.5605 130.6764 794.7390 0.9382 -0.3444 -0.0335 12
705.4672 138.4193 797.5220 0.7773 -0.2371 -0.5828 12
710.7961 144.7543 801.3184 0.4349 0.2061 -0.8766 12
717.2404 149.2630 805.9091 0.1438 0.6999 -0.6996 12
724.3991 151.6446 811.0089 0.0479 0.9539 -0.2962 12
731.8177 151.8129 816.2939 0.1041 0.9944 0.0160 12
739.1122 150.0994 821.4904 0.2208 0.9626 0.1572 12
746.0973 146.9884 826.4664 0.3306 0.9139 0.2355 12
756.9028 140.8927 835.3682 -0.2498 0.7083 0.6603 4
765.7490 135.5048 846.2192 -0.5668 0.5597 0.6045 4
772.1902 131.2362 858.6495 -0.6815 0.5892 0.4341 4
775.9542 128.2301 872.1341 -0.7745 0.5871 0.2354 4
776.8820 126.4225 886.1033 -0.8329 0.5530 0.0217 4
774.9344 125.6021 899.9672 -0.8489 0.4923 -0.1925 4
770.1938 125.4710 913.1402 -0.8175 0.4189 -0.3953 4
762.8604 125.7057 925.0659 -0.7235 0.4036 -0.5600 4
753.3272 126.0172 935.3185 -0.5655 0.5874 -0.5789 4
743.0992 126.2116 944.8782 -0.2284 0.9394 -0.2558 4
732.8712 126.2508 954.4379 0.0020 1.0000 -0.0019 4
727.7928 126.2710 959.1844 0.0019 1.0000 -0.0018 2
722.7144 126.2678 963.9310 -0.0044 1.0000 0.0041 2
717.6360 126.1406 968.6775 -0.0256 0.9994 0.0239 2
712.5577 125.7050 973.4240 -0.0703 0.9954 0.0657 2
707.4793 124.6924 978.1705 -0.1453 0.9800 0.1358 2
702.4009 122.8687 982.9171 -0.2209 0.9532 0.2065 2
697.3226 120.3425 987.6636 -0.2746 0.9267 0.2566 2
692.2442 117.2822 992.4101 -0.3115 0.9045 0.2912 2
687.1658 113.8330 997.1566 -0.3360 0.8879 0.3141 2
682.0875 110.1175 1001.9031 -0.3514 0.8767 0.3284 2
677.0091 106.2351 1006.6497 -0.3601 0.8701 0.3366 2
671.9307 102.2622 1011.3962 -0.3643 0.8668 0.3405 2
666.8524 98.2527 1016.1427 -0.3655 0.8659 0.3416 2
661.7740 94.2370 1020.8892 -0.3653 0.8660 0.3415 2
656.6956 90.2236 1025.6357 -0.3653 0.8660 0.3414 2
651.6172 86.2103 1030.3823 -0.3653 0.8660 0.3414 2
646.5389 82.1970 1035.1289 -0.3653 0.8660 0.3414 2
641.4605 78.1837 1039.8755 -0.3653 0.8660 0.3414 2
636.3821 74.1704 1044.6221 -0.3653 0.8660 0.3414 2
631.3038 70.1571 1049.3687 -0.3653 0.8660 0.3414 2
626.2254 66.1438 1054.1152 -0.3653 0.8660 0.3414 2
621.1470 62.1304 1058.8618 -0.3654 0.8660 0.3415 2
616.0687 58.1146 1063.6084 -0.3654 0.8659 0.3416 2
610.9903 54.1058 1068.3550 -0.3642 0.8669 0.3404 2
605.9119 50.1350 1073.1016 -0.3600 0.8702 0.3364 2
600.8336 46.2555 1077.8481 -0.3512 0.8769 0.3282 2
595.7552 42.5432 1082.5947 -0.3358 0.8881 0.3139 2
590.6768 39.0960 1087.3413 -0.3115 0.9046 0.2911 2
585.5984 36.0344 1092.0879 -0.2749 0.9265 0.2569 2
580.5201 33.5010 1096.8345 -0.2219 0.9528 0.2074 2
575.4417 31.6609 1101.5811 -0.1475 0.9794 0.1379 2
570.3633 30.6261 1106.3276 -0.0726 0.9951 0.0678 2
565.2850 30.1695 1111.0742 -0.0277 0.9993 0.0259 2
560.2066 30.0222 1115.8208 -0.0064 1.0000 0.0060 2
555.1282 29.9993 1120.5674 -0.0001 1.0000 0.0001 2
550.0499 30.0000 1125.3140 0.0000 1.0000 0.0000 2
543.7486 30.3112 1131.2091 0.0954 0.9914 -0.0892 5
537.7272 32.6394 1136.9089 0.2963 0.9140 -0.2770 5
532.5474 37.2540 1142.0109 0.4801 0.7538 -0.4487 5
528.8151 43.8678 1146.0759 0.6307 0.5048 -0.5895 5
527.1332 51.9323 1148.6318 0.7199 0.1705 -0.6729 5
527.9839 60.5157 1149.2592 0.7126 -0.2203 -0.6660 5
531.5277 68.2974 1147.7731 0.5817 -0.6050 -0.5437 5
537.3965 73.7890 1144.4219 0.3292 -0.8927 -0.3077 5
544.6290 75.7769 1139.9623 -0.0000 -1.0000 0.0000 5
551.8613 73.7890 1135.5028 -0.3289 -0.8929 0.3075 5
557.7301 68.2973 1132.1515 -0.5815 -0.6053 0.5436 5
561.2739 60.5156 1130.6655 -0.7125 -0.2208 0.6660 5
562.1246 51.9322 1131.2928 -0.7199 0.1702 0.6729 5
560.4426 43.8677 1133.8488 -0.6307 0.5048 0.5895 5
556.7103 37.2540 1137.9139 -0.4803 0.7535 0.4489 5
551.5305 32.6394 1143.0159 -0.2962 0.9141 0.2769 5
545.5090 30.3112 1148.7157 -0.0954 0.9914 0.0892 5
539.2078 30.0001 1154.6108 0.0000 1.0000 -0.0000 5
528.9764 30.1510 1164.1691 -0.0064 0.9979 -0.0646 16
518.6443 31.6925 1173.6160 0.0173 0.9635 -0.2672 16
507.9937 35.9197 1182.7001 0.0256 0.8543 -0.5191 16
496.7523 42.7526 1191.0371 -0.0161 0.6959 -0.7180 16
484.6923 50.9742 1198.1282 -0.0537 0.5458 -0.8362 16
471.7348 59.0429 1203.3872 -0.0393 0.4262 -0.9038 16
458.0437 65.7599 1206.1981 0.0405 0.3244 -0.9451 16
444.0751 70.5375 1206.0287 0.1863 0.2329 -0.9545 16
430.5485 73.3001 1202.5608 0.3821 0.1646 -0.9093 16
418.3299 74.1925 1195.8064 0.5868 0.1392 -0.7977 16
408.2499 73.3001 1186.1462 0.7547 0.1646 -0.6351 16
400.9188 70.5375 1174.2611 0.8561 0.2330 -0.4613 16
396.6060 65.7599 1160.9736 0.8904 0.3245 -0.3193 16
395.2219 59.0429 1147.0652 0.8746 0.4261 -0.2312 16
396.3924 50.9742 1133.1295 0.8144 0.5458 -0.1972 16
399.5800 42.7526 1119.5067 0.6904 0.6958 -0.1980 16
404.2002 35.9197 1106.2954 0.4881 0.8543 -0.1786 16
409.7089 31.6925 1093.4264 0.2499 0.9635 -0.0959 16
415.6586 30.1510 1080.7543 0.0636 0.9979 -0.0131 16
421.7428 30.0001 1068.1482 -0.0000 1.0000 0.0000 16
427.8372 30.0001 1055.5443 0.0000 1.0000 0.0000 11
433.9316 30.0001 1042.9404 0.0000 1.0000 0.0000 11
440.0260 30.0001 1030.3365 0.0000 1.0000 0.0000 11
446.1205 30.0001 1017.7327 0.0000 1.0000 0.0000 11
452.2149 30.0001 1005.1287 0.0000 1.0000 0.0000 11
458.0143 30.0001 992.3864 -0.3009 0.9456 -0.1238 4
462.8639 30.0001 979.2532 -0.5892 0.7883 -0.1771 4
466.0591 30.0001 965.6227 -0.8297 0.5452 -0.1199 4
466.8520 30.0001 951.6452 -0.9687 0.2429 0.0512 4
464.5867 30.0001 937.8297 -0.9583 0.1006 0.2674 4
459.3716 30.0001 924.8373 -0.8772 0.1006 0.4694 4
451.4561 30.0001 913.2898 -0.7542 0.1006 0.6488 4
441.2191 30.0001 903.7397 -0.5950 0.1006 0.7974 4
429.1505 30.0001 896.6440 -0.4075 0.1006 0.9077 4
415.8278 30.0001 892.3424 -0.2004 0.1006 0.9745 4
401.8884 30.0001 891.0406 0.0163 0.1006 0.9948 4
387.9995 30.0001 892.8009 0.2325 0.1006 0.9674 4
374.8257 30.0001 897.5391 0.4370 0.1006 0.8938 4
362.9974 30.0001 905.0285 0.5975 0.2429 0.7642 4
352.8756 30.0001 914.7005 0.6223 0.5452 0.5617 4
344.2919 30.0001 925.7604 0.5040 0.7883 0.3530 4
336.8317 30.0001 937.6071 0.2794 0.9456 0.1667 4
329.9475 30.0001 949.7976 0.0000 1.0000 0.0000 4
322.6015 30.0001 961.7155 -0.2955 0.9335 -0.2031 4
314.1059 30.0001 972.8431 -0.4977 0.7428 -0.4478 4
303.9358 30.0001 982.4644 -0.5370 0.4533 -0.7114 4
291.8937 30.0001 989.6050 -0.3883 0.1036 -0.9157 4
278.3888 30.0001 993.2952 -0.1314 0.1006 -0.9862 4
264.3889 30.0001 993.2704 0.1349 0.1006 -0.9857 4
250.8971 30.0001 989.5325 0.3917 0.1006 -0.9146 4
238.8804 30.0001 982.3492 0.6201 0.1006 -0.7780 4
229.2000 30.0001 972.2354 0.8043 0.1006 -0.5856 4
222.5496 30.0001 959.9158 0.9309 0.1006 -0.3512 4
219.4057 30.0001 946.2733 0.9907 0.1006 -0.0917 4
219.9937 30.0001 932.2856 0.9798 0.1036 0.1710 4
224.1801 30.0001 918.9262 0.8196 0.4533 0.3503 4
230.9405 30.0001 906.6667 0.5624 0.7428 0.3632 4
239.3333 30.0001 895.4613 0.2784 0.9335 0.2260 4
248.5689 30.0001 884.9397 -0.0000 1.0000 -0.0000 4
258.5189 30.0458 875.0909 0.2468 0.9201 0.3040 4
269.7761 30.3144 866.7677 0.3480 0.6937 0.6306 4
282.4970 30.9026 860.9216 0.2830 0.3564 0.8904 4
296.1445 31.7971 857.7996 0.1032 0.2168 0.9707 4
310.1420 32.9068 857.5334 -0.0970 0.1745 0.9799 4
323.8982 34.0934 860.1345 -0.2936 0.1260 0.9476 4
336.8322 35.2030 865.4927 -0.4796 0.1004 0.8717 4
348.3977 36.0976 873.3820 -0.6176 0.3409 0.7088 4
358.1881 36.6857 883.3894 -0.5647 0.6854 0.4597 4
366.6632 36.9543 894.5327 -0.3276 0.9180 0.2236 4
374.5630 37.0000 906.0909 -0.0018 1.0000 -0.0027 4
380.1277 37.1927 914.2329 -0.0401 0.9975 -0.0586 12
385.6275 38.6563 922.2797 -0.1273 0.9742 -0.1863 12
390.9273 41.6415 930.0341 -0.2139 0.9254 -0.3129 12
395.8799 46.1224 937.2803 -0.2981 0.8491 -0.4361 12
400.3267 52.0371 943.7865 -0.3774 0.7435 -0.5521 12
404.1003 59.2715 949.3077 -0.4485 0.6069 -0.6562 12
407.0302 67.6421 953.5945 -0.5065 0.4408 -0.7411 12
408.9544 76.8813 956.4100 -0.5468 0.2467 -0.8001 12
409.7359 86.6301 957.5535 -0.5860 0.0311 -0.8097 12
409.2824 96.4420 956.8899 -0.7133 -0.1911 -0.6743 12
407.5664 105.8035 954.3792 -0.8922 -0.3444 -0.2923 12
404.6419 114.1699 950.1003 -0.9306 -0.2371 0.2788 12
400.6527 121.0149 944.2635 -0.7106 0.2060 0.6728 12
395.8287 125.8867 937.2054 -0.3764 0.6999 0.6071 12
390.4697 128.4600 929.3645 -0.1473 0.9539 0.2614 12
384.9161 128.6419 921.2390 -0.0922 0.9944 -0.0510 12
379.4556 126.7904 913.2495 -0.1531 0.9625 -0.2239 12
374.2267 123.4289 905.5989 -0.2291 0.9139 -0.3352 12
367.1560 117.3415 893.5156 0.4465 0.7207 -0.5303 4
362.5968 112.0019 880.2787 0.7423 0.5594 -0.3688 4
360.8399 107.8390 866.3894 0.7896 0.5905 -0.1667 4
361.9595 104.9940 852.4343 0.8080 0.5867 0.0541 4
365.9083 103.3860 839.0027 0.7896 0.5479 0.2764 4
372.5195 102.7790 826.6620 0.7317 0.4801 0.4839 4
381.5140 102.8476 815.9336 0.6339 0.3987 0.6628 4
392.5117 103.2433 807.2704 0.4900 0.3736 0.7876 4
404.9969 103.6605 800.9365 0.3412 0.5451 0.7658 4
417.8952 103.9032 795.4927 0.1472 0.9160 0.3732 4
430.7934 103.9507 790.0490 -0.0031 1.0000 0.0013 4
437.0271 103.9745 787.4180 -0.0031 1.0000 0.0013 2
